%YAML:1.0
---
K: !!opencv-matrix
   rows: 3
   cols: 3
   dt: d
   data: [ 3.4200014761762839e+02, 0., 1.8958581903739096e+02, 0.,
       3.4459528014869807e+02, 1.4985402329652575e+02, 0., 0., 1. ]
D: !!opencv-matrix
   rows: 1
   cols: 5
   dt: d
   data: [ 1.5599020054320711e-01, -7.1894274307195016e-01,
       -5.0171175061770254e-03, -4.2571488923176483e-03,
       5.7379905531232678e-01 ]
